1 2
1 4
1 5
1 7
1 8
1 9
1 10
1 13
1 15
1 16
1 18
1 20
1 22
1 23
1 24
1 25
1 27
1 30
1 31
1 32
1 33
1 34
1 35
1 36
1 37
1 39
1 40
1 41
1 46
1 47
1 48
1 49
1 50
1 51
1 52
1 53
1 55
1 57
1 58
1 59
1 60
1 61
1 62
1 63
1 67
1 68
1 69
1 70
1 71
1 72
1 74
1 76
1 78
1 79
1 80
1 81
1 83
1 84
1 86
1 88
1 89
1 90
1 91
1 92
1 93
1 95
1 96
1 97
1 98
1 100
1 101
1 102
1 103
1 104
1 105
1 107
1 108
1 109
1 110
1 112
1 114
1 117
1 118
1 120
1 121
1 122
1 123
1 124
1 125
1 126
1 127
1 128
1 129
1 130
1 131
1 133
1 135
1 138
1 139
1 140
1 141
1 142
1 143
1 144
1 145
1 147
1 148
1 149
1 151
1 152
1 154
1 156
1 157
1 158
1 160
1 161
1 163
1 164
1 168
1 170
1 171
1 172
1 173
1 175
1 176
1 177
1 178
1 179
1 180
1 181
1 182
1 183
1 184
1 187
1 188
1 189
1 190
1 192
1 193
1 194
1 195
1 196
1 197
1 198
1 201
1 202
1 203
1 204
1 205
1 207
1 212
1 213
1 214
1 215
1 216
1 217
1 218
1 219
1 220
1 221
1 222
1 223
1 224
1 226
1 227
1 228
1 229
1 230
1 231
1 232
1 233
1 234
1 235
1 236
1 237
1 239
1 240
1 241
1 243
1 244
1 245
1 246
1 248
1 249
1 250
1 251
1 252
1 255
1 256
1 258
1 260
1 261
1 262
1 263
1 265
1 268
1 269
1 271
1 272
1 273
1 274
1 275
1 276
1 277
1 278
1 279
1 280
1 281
1 282
1 283
1 284
1 285
1 286
1 287
1 288
1 291
1 292
1 293
1 294
1 295
1 296
1 299
1 300
1 301
1 303
1 304
1 305
1 307
1 309
1 310
1 313
1 314
1 316
1 318
1 319
1 320
1 321
1 323
1 324
1 325
1 326
1 327
1 328
1 329
1 330
1 332
1 333
1 334
1 335
1 336
1 337
1 338
1 342
1 343
1 344
1 345
1 346
1 348
1 349
1 350
1 351
1 352
1 353
1 354
1 356
1 357
1 359
1 360
1 361
1 362
1 363
1 364
1 365
1 366
1 367
1 368
1 369
1 370
1 371
1 372
1 374
1 375
1 377
1 378
1 379
1 381
1 382
1 383
1 384
1 385
1 386
1 387
1 388
1 389
1 390
1 391
1 393
1 394
1 396
1 397
1 398
1 399
1 401
1 402
1 403
1 404
1 405
1 406
1 407
1 408
1 410
1 411
1 413
1 415
1 416
1 417
1 418
1 419
1 421
1 423
1 425
1 427
1 428
1 429
1 430
1 431
1 433
1 434
1 435
1 437
1 439
1 440
1 441
1 442
1 444
1 445
1 446
1 448
1 450
1 451
1 453
1 454
1 456
1 457
1 459
1 460
1 461
1 462
1 464
1 465
1 466
1 468
1 469
1 471
1 474
1 476
1 477
1 479
1 480
1 481
1 482
1 483
1 484
1 485
1 487
1 488
1 489
1 490
1 491
1 493
1 494
1 495
1 496
1 498
1 500
1 504
1 505
1 507
1 508
1 510
1 512
1 513
1 514
1 516
1 517
1 519
1 520
1 521
1 522
1 524
1 525
1 526
1 527
1 528
1 529
1 530
1 533
1 534
1 536
1 543
1 545
1 546
1 547
1 549
1 551
1 552
1 553
1 554
1 555
1 557
1 558
1 559
1 560
1 561
1 562
1 563
1 565
1 566
1 567
1 568
1 569
1 571
1 572
1 574
1 576
1 577
1 578
1 579
1 581
1 582
1 583
1 585
1 586
1 587
1 588
1 589
1 590
1 591
1 592
1 593
1 594
1 596
1 597
1 599
1 601
1 602
1 603
1 604
1 605
1 606
1 607
1 608
1 609
1 611
1 612
1 614
1 616
1 617
1 618
1 619
1 620
1 623
1 625
1 626
1 627
1 628
1 629
1 631
1 632
1 634
1 635
1 636
1 637
1 638
1 639
1 640
1 641
1 642
1 644
1 645
1 646
1 647
1 649
1 650
1 652
1 653
1 654
1 656
1 657
1 658
1 659
1 660
1 664
1 665
1 666
1 669
1 671
1 673
1 676
1 677
1 678
1 680
1 681
1 682
1 683
1 684
1 685
1 686
1 687
1 688
1 689
1 692
1 694
1 695
1 697
1 698
1 699
1 702
1 704
1 705
1 706
1 708
1 709
1 710
1 711
1 713
1 714
1 716
1 718
1 719
1 722
1 723
1 724
1 725
1 726
1 727
1 728
1 729
1 730
1 731
1 734
1 735
1 736
1 737
1 738
1 739
1 740
1 741
1 743
1 744
1 745
1 748
1 749
1 750
1 752
1 754
1 758
1 759
1 761
1 762
1 764
1 766
1 768
1 769
1 770
1 775
1 776
1 777
1 778
1 779
1 780
1 781
1 782
1 783
1 784
1 788
1 789
1 790
1 793
1 794
1 796
1 799
1 800
1 801
1 802
1 804
1 805
1 806
1 807
1 809
1 810
1 811
1 815
1 816
1 818
1 819
1 820
1 821
1 824
1 825
1 826
1 827
1 829
1 830
1 831
1 833
1 834
1 836
1 837
1 838
1 839
1 840
1 841
1 842
1 843
1 844
1 845
1 848
1 849
1 850
1 851
1 852
1 854
1 856
1 857
1 858
1 859
1 860
1 861
1 862
1 863
1 864
1 865
1 867
1 868
1 869
1 872
1 874
1 875
1 876
1 877
1 878
1 879
1 880
1 882
1 883
1 884
1 885
1 887
1 888
1 889
1 891
1 892
1 893
1 894
1 895
1 896
1 897
1 900
1 901
1 902
1 903
1 904
1 906
1 907
1 910
1 911
1 912
1 913
1 914
1 915
1 918
1 919
1 920
1 922
1 923
1 924
1 929
1 930
1 931
1 932
1 933
1 934
1 935
1 939
1 940
1 941
1 943
1 944
1 945
1 949
1 950
1 951
1 952
1 953
1 954
1 955
1 956
1 957
1 958
1 959
1 960
1 961
1 962
1 963
1 964
1 965
1 966
1 967
1 968
1 969
1 970
1 972
1 973
1 974
1 975
1 976
1 977
1 979
1 980
1 981
1 982
1 984
1 985
1 987
1 988
1 990
1 993
1 994
1 995
1 996
1 997
1 998
1 999
1 1001
1 1002
1 1003
1 1004
1 1005
1 1006
1 1007
1 1008
1 1009
1 1010
1 1011
1 1012
1 1013
1 1014
1 1015
1 1016
1 1017
1 1018
1 1019
1 1020
1 1021
1 1022
1 1023
1 1024
1 1025
1 1026
1 1027
1 1029
1 1030
1 1031
1 1032
1 1033
1 1037
1 1038
1 1039
1 1040
1 1041
1 1042
1 1043
1 1044
1 1045
1 1047
1 1048
1 1049
1 1050
1 1052
1 1053
1 1054
1 1055
1 1056
1 1058
1 1059
1 1060
1 1061
1 1063
1 1064
1 1065
1 1067
1 1069
1 1070
1 1072
1 1073
1 1074
1 1075
1 1076
1 1077
1 1078
1 1079
1 1080
1 1081
1 1083
1 1084
1 1088
1 1089
1 1090
1 1091
1 1093
1 1094
1 1095
1 1096
1 1097
1 1098
1 1101
1 1102
1 1103
1 1104
1 1105
1 1106
1 1108
1 1109
1 1110
1 1113
1 1114
1 1115
1 1116
1 1117
1 1119
1 1120
1 1121
1 1122
1 1123
1 1124
1 1125
1 1126
1 1127
1 1128
1 1129
1 1131
1 1135
1 1136
1 1137
1 1138
1 1139
1 1140
1 1142
1 1143
1 1144
1 1145
1 1146
1 1147
1 1150
1 1151
1 1152
1 1153
1 1154
1 1155
1 1156
1 1157
1 1158
1 1159
1 1160
1 1162
1 1163
1 1164
1 1165
1 1166
1 1167
1 1168
1 1170
1 1171
1 1173
1 1174
1 1175
1 1176
1 1177
1 1179
1 1182
1 1183
1 1184
1 1185
1 1186
1 1187
1 1188
1 1189
1 1191
1 1192
1 1193
1 1194
1 1195
1 1196
1 1197
1 1199
1 1200
1 1201
1 1202
1 1203
1 1204
1 1206
1 1207
1 1208
1 1209
1 1210
1 1211
1 1212
1 1213
1 1214
1 1215
1 1216
1 1217
1 1218
1 1219
1 1220
1 1221
1 1223
1 1224
1 1225
1 1226
1 1227
1 1228
1 1229
1 1231
1 1232
1 1233
1 1234
1 1235
1 1237
1 1238
1 1239
1 1240
1 1241
1 1243
1 1245
1 1246
1 1247
1 1249
1 1251
1 1253
1 1254
1 1255
1 1257
1 1258
1 1259
1 1260
1 1261
1 1262
1 1263
1 1264
1 1267
1 1268
1 1270
1 1272
1 1275
1 1276
1 1277
1 1278
1 1279
1 1281
1 1282
1 1283
1 1284
1 1286
1 1288
1 1290
1 1291
1 1292
1 1293
1 1294
1 1295
2 1
2 3
2 4
2 6
2 7
2 8
2 9
2 10
2 11
2 12
2 13
2 14
2 16
2 17
2 18
2 23
2 24
2 27
2 28
2 31
2 32
2 34
2 35
2 36
2 37
2 38
2 39
2 40
2 41
2 42
2 43
2 44
2 45
2 46
2 48
2 50
2 51
2 52
2 54
2 55
2 57
2 60
2 61
2 62
2 63
2 64
2 66
2 67
2 68
2 69
2 70
2 71
2 73
2 74
2 76
2 77
2 78
2 79
2 80
2 81
2 82
2 83
2 84
2 85
2 86
2 88
2 89
2 90
2 92
2 93
2 94
2 95
2 96
2 98
2 99
2 100
2 101
2 103
2 104
2 107
2 109
2 110
2 112
2 114
2 115
2 118
2 119
2 120
2 121
2 122
2 123
2 124
2 125
2 126
2 127
2 128
2 129
2 130
2 131
2 132
2 133
2 134
2 135
2 136
2 137
2 139
2 140
2 141
2 142
2 143
2 144
2 146
2 147
2 148
2 149
2 151
2 153
2 155
2 156
2 157
2 158
2 160
2 161
2 162
2 163
2 165
2 167
2 168
2 169
2 170
2 171
2 172
2 173
2 175
2 176
2 177
2 178
2 179
2 180
2 181
2 182
2 184
2 185
2 186
2 187
2 188
2 189
2 190
2 191
2 192
2 193
2 195
2 196
2 197
2 199
2 200
2 201
2 202
2 204
2 205
2 207
2 208
2 210
2 212
2 213
2 214
2 215
2 216
2 217
2 218
2 219
2 220
2 221
2 222
2 224
2 226
2 229
2 230
2 231
2 232
2 233
2 234
2 235
2 236
2 237
2 238
2 239
2 241
2 242
2 243
2 244
2 245
2 246
2 249
2 251
2 253
2 254
2 255
2 259
2 260
2 261
2 263
2 264
2 265
2 266
2 267
2 268
2 269
2 271
2 273
2 274
2 275
2 277
2 278
2 280
2 281
2 282
2 283
2 286
2 287
2 290
2 291
2 292
2 293
2 294
2 295
2 296
2 298
2 299
2 300
2 301
2 302
2 303
2 304
2 308
2 309
2 310
2 311
2 312
2 313
2 314
2 315
2 316
2 317
2 318
2 320
2 321
2 323
2 324
2 325
2 326
2 327
2 330
2 333
2 334
2 335
2 338
2 339
2 340
2 341
2 342
2 343
2 344
2 345
2 346
2 347
2 349
2 350
2 351
2 353
2 354
2 355
2 356
2 357
2 360
2 361
2 362
2 363
2 364
2 366
2 368
2 369
2 370
2 373
2 374
2 375
2 376
2 377
2 378
2 379
2 381
2 382
2 383
2 384
2 385
2 386
2 388
2 391
2 392
2 393
2 395
2 396
2 397
2 398
2 399
2 401
2 402
2 403
2 405
2 406
2 407
2 408
2 409
2 410
2 411
2 412
2 415
2 417
2 418
2 419
2 420
2 421
2 424
2 426
2 428
2 430
2 431
2 432
2 433
2 434
2 435
2 436
2 437
2 438
2 439
2 440
2 441
2 442
2 443
2 445
2 446
2 447
2 448
2 449
2 450
2 451
2 452
2 453
2 454
2 455
2 458
2 459
2 460
2 461
2 463
2 464
2 466
2 467
2 468
2 470
2 472
2 473
2 474
2 476
2 478
2 479
2 480
2 481
2 482
2 484
2 485
2 488
2 490
2 491
2 492
2 493
2 494
2 495
2 496
2 498
2 499
2 500
2 501
2 502
2 504
2 505
2 506
2 507
2 508
2 509
2 510
2 511
2 513
2 514
2 515
2 516
2 518
2 519
2 520
2 522
2 523
2 524
2 525
2 526
2 527
2 530
2 531
2 532
2 533
2 534
2 535
2 537
2 538
2 539
2 540
2 541
2 542
2 543
2 549
2 550
2 551
2 552
2 554
2 555
2 557
2 559
2 560
2 561
2 563
2 564
2 566
2 567
2 568
2 569
2 571
2 572
2 574
2 576
2 577
2 578
2 579
2 581
2 583
2 584
2 585
2 588
2 589
2 590
2 591
2 592
2 593
2 594
2 596
2 597
2 598
2 599
2 600
2 601
2 602
2 603
2 604
2 606
2 607
2 608
2 609
2 610
2 611
2 612
2 614
2 616
2 617
2 618
2 619
2 620
2 624
2 625
2 627
2 628
2 629
2 631
2 634
2 636
2 637
2 638
2 640
2 641
2 642
2 643
2 644
2 645
2 646
2 647
2 648
2 649
2 652
2 654
2 655
2 656
2 657
2 659
2 660
2 661
2 662
2 663
2 664
2 668
2 671
2 672
2 673
2 674
2 676
2 678
2 679
2 681
2 682
2 683
2 684
2 685
2 687
2 688
2 690
2 691
2 692
2 694
2 696
2 697
2 698
2 700
2 701
2 702
2 703
2 704
2 705
2 707
2 708
2 709
2 711
2 712
2 714
2 715
2 716
2 717
2 718
2 719
2 720
2 722
2 723
2 724
2 725
2 726
2 727
2 729
2 730
2 731
2 732
2 733
2 734
2 736
2 737
2 738
2 739
2 740
2 741
2 742
2 744
2 746
2 747
2 749
2 751
2 753
2 754
2 755
2 756
2 757
2 758
2 759
2 762
2 765
2 768
2 770
2 771
2 772
2 773
2 774
2 777
2 779
2 780
2 781
2 782
2 783
2 785
2 786
2 787
2 789
2 792
2 793
2 794
2 796
2 797
2 798
2 799
2 800
2 802
2 803
2 804
2 805
2 806
2 808
2 809
2 810
2 811
2 813
2 814
2 816
2 817
2 818
2 821
2 822
2 824
2 825
2 826
2 828
2 829
2 830
2 831
2 832
2 833
2 834
2 835
2 836
2 837
2 838
2 840
2 841
2 842
2 843
2 845
2 847
2 849
2 850
2 851
2 852
2 853
2 854
2 855
2 856
2 857
2 858
2 859
2 860
2 862
2 865
2 866
2 868
2 869
2 870
2 871
2 872
2 874
2 875
2 878
2 881
2 882
2 883
2 884
2 885
2 886
2 887
2 888
2 889
2 890
2 891
2 892
2 893
2 894
2 895
2 896
2 897
2 898
2 899
2 901
2 902
2 903
2 904
2 905
2 907
2 908
2 909
2 910
2 911
2 914
2 915
2 916
2 918
2 919
2 920
2 921
2 922
2 923
2 925
2 926
2 927
2 928
2 930
2 931
2 933
2 935
2 936
2 937
2 939
2 942
2 943
2 944
2 945
2 947
2 948
2 949
2 950
2 952
2 953
2 954
2 955
2 956
2 957
2 959
2 960
2 963
2 964
2 966
2 967
2 968
2 969
2 972
2 974
2 975
2 976
2 977
2 978
2 980
2 981
2 983
2 984
2 985
2 986
2 987
2 988
2 989
2 990
2 991
2 992
2 993
2 995
2 996
2 997
2 998
2 1001
2 1002
2 1004
2 1005
2 1006
2 1007
2 1009
2 1010
2 1011
2 1012
2 1013
2 1016
2 1018
2 1019
2 1020
2 1021
2 1022
2 1023
2 1024
2 1025
2 1027
2 1028
2 1031
2 1032
2 1033
2 1034
2 1036
2 1037
2 1038
2 1039
2 1041
2 1042
2 1043
2 1044
2 1045
2 1047
2 1048
2 1049
2 1050
2 1051
2 1054
2 1055
2 1056
2 1057
2 1058
2 1059
2 1061
2 1062
2 1063
2 1065
2 1066
2 1067
2 1068
2 1069
2 1070
2 1071
2 1072
2 1073
2 1074
2 1076
2 1077
2 1078
2 1079
2 1080
2 1081
2 1082
2 1083
2 1084
2 1085
2 1086
2 1087
2 1088
2 1090
2 1091
2 1092
2 1093
2 1094
2 1097
2 1098
2 1099
2 1100
2 1101
2 1103
2 1105
2 1107
2 1108
2 1109
2 1110
2 1112
2 1113
2 1114
2 1117
2 1119
2 1120
2 1121
2 1123
2 1124
2 1125
2 1126
2 1127
2 1128
2 1129
2 1131
2 1132
2 1133
2 1135
2 1136
2 1137
2 1138
2 1140
2 1141
2 1144
2 1146
2 1148
2 1149
2 1150
2 1152
2 1156
2 1160
2 1162
2 1163
2 1164
2 1166
2 1168
2 1169
2 1170
2 1171
2 1173
2 1174
2 1175
2 1177
2 1178
2 1179
2 1180
2 1181
2 1182
2 1183
2 1184
2 1186
2 1187
2 1188
2 1189
2 1190
2 1193
2 1194
2 1195
2 1198
2 1200
2 1201
2 1203
2 1205
2 1206
2 1208
2 1209
2 1211
2 1212
2 1213
2 1214
2 1215
2 1218
2 1219
2 1221
2 1222
2 1225
2 1226
2 1227
2 1228
2 1229
2 1230
2 1231
2 1233
2 1235
2 1236
2 1237
2 1239
2 1241
2 1242
2 1243
2 1244
2 1245
2 1246
2 1248
2 1250
2 1251
2 1253
2 1254
2 1255
2 1256
2 1257
2 1258
2 1259
2 1260
2 1261
2 1263
2 1264
2 1266
2 1267
2 1268
2 1269
2 1270
2 1272
2 1273
2 1276
2 1277
2 1278
2 1280
2 1281
2 1283
2 1284
2 1285
2 1286
2 1288
2 1289
2 1290
2 1292
2 1293
2 1294
